EEG DATA
33.0 0.0
93222.0 0.0
93222.0 0.0
93222.0 0.0
93222.0 0.0
93222.0 0.0
93222.0 0.0
93222.0 0.0
93222.0 0.0
93222.0 0.0
93222.0 0.0
94227.0 0.0
94227.0 0.0
94227.0 0.0
94227.0 0.0
94227.0 0.0
94227.0 0.0
94227.0 0.0
94227.0 0.0
94227.0 0.0
94227.0 0.0
ECG DATA
33.0 0.0
93222.0 0.0
93222.0 0.0
93222.0 0.0
93222.0 0.0
93222.0 0.0
93222.0 0.0
93222.0 0.0
93222.0 0.0
93222.0 0.0
93222.0 0.0
94227.0 0.0
94227.0 0.0
94227.0 0.0
94227.0 0.0
94227.0 0.0
94227.0 0.0
94227.0 0.0
94227.0 0.0
94227.0 0.0
94227.0 0.0
COMMENTS

